15 28 2
14 27 2
14 28 2
14 28 2
13 28 2
13 28 2
13 29 2
13 27 2
13 26 2
12 27 2
12 27 2
12 28 2
12 28 2
13 25 2
12 25 2
12 26 2
11 27 2
11 28 2
11 28 2
11 27 2
10 27 2
10 28 2
9 28 2
10 27 2
10 26 2
11 26 2
11 25 2
11 25 2
12 24 2
11 24 2
11 25 2
10 25 2
10 25 2
9 26 2
9 27 2
9 27 2
7 28 2
8 27 2
8 27 2
8 27 2
7 26 2
7 27 2
6 26 2
7 26 2
7 26 2
8 26 2
9 25 2
8 25 2
9 25 2
8 25 2
8 24 2
9 24 2
10 24 2
11 23 2
10 23 2
9 23 2
9 23 2
8 23 2
7 24 2
7 25 2
6 25 2
6 26 2
5 26 2
5 25 2
5 26 2
6 25 2
5 25 2
5 24 2
4 25 2
4 25 2
6 24 2
6 24 2
7 24 2
5 24 2
4 24 2
4 24 2
3 23 2
4 23 2
4 22 2
5 23 2
5 23 2
7 23 2
6 23 2
7 23 2
6 22 2
6 22 2
5 22 2
4 22 2
3 21 2
4 21 2
4 20 2
5 20 2
5 20 2
5 21 2
6 21 2
6 21 2
7 21 2
7 21 2
7 21 2
7 20 2
6 19 2
6 20 2
6 20 2
5 19 2
5 19 2
5 18 2
6 19 2
7 18 2
7 17 2
7 18 2
8 20 2
8 19 2
8 18 2
8 18 2
9 18 2
9 17 2
8 17 2
8 17 2
10 17 2
10 16 2
8 20 2
8 21 2
8 21 2
8 22 2
8 22 2
9 22 2
8 22 2
9 21 2
10 22 2
10 22 2
11 23 2
12 23 2
12 22 2
11 22 2
11 22 2
10 21 2
10 21 2
9 21 2
9 20 2
9 20 2
9 19 2
9 19 2
10 20 2
11 20 2
12 21 2
13 21 2
12 20 2
12 20 2
11 19 2
10 19 2
9 18 2
10 18 2
11 18 2
11 19 2
12 18 2
12 19 2
12 18 2
11 17 2
11 17 2
12 17 2
13 17 2
13 18 2
13 18 2
13 19 2
14 19 2
15 18 2
15 17 2
13 17 2
13 16 2
12 16 2
7 13 7
8 13 7
9 12 7
9 12 7
8 12 7
7 13 7
6 13 7
6 13 7
6 12 7
5 12 7
5 12 7
5 11 7
5 11 7
5 11 7
6 11 7
7 12 7
7 12 7
7 12 7
8 12 7
7 11 7
7 11 7
6 11 7
6 10 7
6 10 7
5 10 7
6 10 7
7 10 7
7 10 7
7 11 7
8 11 7
8 11 7
8 10 7
9 10 7
9 10 7
10 11 4
10 10 4
10 10 4
11 10 4
11 10 4
10 8 4
11 9 4
11 9 4
12 10 4
12 11 4
13 11 4
14 11 4
14 11 4
14 12 4
17 12 4
15 12 4
15 12 4
16 12 4
16 11 4
15 11 4
14 11 4
14 10 4
13 10 4
12 10 4
13 9 4
12 9 4
11 8 4
11 8 4
10 7 4
10 6 4
11 7 4
12 8 4
13 8 4
13 9 4
14 10 4
11 7 4
11 6 4
11 6 4
12 7 4
12 7 4
12 7 4
13 7 4
13 8 4
13 9 4
14 9 4
14 9 4
15 10 4
15 10 4
16 10 4
16 11 4
16 10 4
15 10 4
15 9 4
15 9 4
15 8 4
15 8 4
14 8 4
14 8 4
15 7 4
14 7 4
13 7 4
14 6 4
13 6 4
13 6 4
13 6 4
11 6 4
10 5 4
10 5 4
11 5 4
12 5 4
12 5 4
12 5 4
13 5 4
13 5 4
13 5 4
12 4 4
11 4 4
11 4 4
12 4 4
11 3 4
12 3 4
13 4 4
13 4 4
12 3 4
13 3 4
13 3 4
14 4 4
14 5 4
14 5 4
14 6 4
15 7 4
13 2 4
14 2 4
14 3 4
15 3 4
15 3 4
14 4 4
14 4 4
15 2 4
15 2 4
15 2 4
16 3 4
15 4 4
15 4 4
15 5 4
15 5 4
15 5 4
15 6 4
15 6 4
16 5 4
16 5 4
16 4 4
16 4 4
16 4 4
17 5 4
17 4 4
17 4 4
17 4 4
17 3 4
17 3 4
16 2 4
16 2 4
17 2 4
18 1 4
18 2 4
18 3 4
18 3 4
18 3 4
18 3 4
19 2 4
19 2 4
19 2 4
19 2 4
20 2 4
19 3 4
19 3 4
18 4 4
18 4 4
18 4 4
18 5 4
19 4 4
17 5 4
17 5 4
17 6 4
17 6 4
16 6 4
15 7 4
15 7 4
16 7 4
20 3 4
20 3 4
21 2 4
21 2 4
22 3 4
22 3 4
21 3 4
21 4 4
20 4 4
20 4 4
20 5 4
19 5 4
19 5 4
20 5 4
20 5 4
18 5 4
19 5 4
18 6 4
18 6 4
17 7 4
16 7 4
18 7 4
18 7 4
17 7 4
17 8 4
17 8 4
17 9 4
16 8 4
16 8 4
16 9 4
16 9 4
17 9 4
17 9 4
17 9 4
18 8 4
18 8 4
18 8 4
19 7 4
19 6 4
20 6 4
19 7 4
20 6 4
21 5 4
21 4 4
22 4 4
23 3 4
23 3 4
23 4 4
22 4 4
22 5 4
24 4 4
23 5 4
23 5 4
23 5 4
22 5 4
21 6 4
20 6 4
21 7 4
20 7 4
20 8 4
19 8 4
18 9 4
18 9 4
18 10 4
16 10 4
17 10 4
18 10 4
18 10 4
18 11 4
17 11 4
17 11 4
18 12 4
18 12 4
19 11 4
19 11 4
19 10 4
19 9 4
20 9 4
20 9 4
20 10 4
19 12 4
19 12 4
20 11 4
20 11 4
20 10 4
21 11 4
21 11 4
21 10 4
21 10 4
20 10 4
20 9 4
21 9 4
21 9 4
20 8 4
20 8 4
21 8 4
21 8 4
21 8 4
21 7 4
22 6 4
22 6 4
22 6 4
22 7 4
23 7 4
22 7 4
22 8 4
22 8 4
22 9 4
22 9 4
22 10 4
23 10 4
23 9 4
23 9 4
23 9 4
23 8 4
24 8 4
24 7 4
23 7 4
23 7 4
23 6 4
23 6 4
23 5 4
24 5 4
24 6 4
34 3 3
33 3 3
32 3 3
31 4 3
31 4 3
30 5 3
30 6 3
30 6 3
30 7 3
29 8 3
30 8 3
30 7 3
31 6 3
31 5 3
32 6 3
32 6 3
32 5 3
32 4 3
32 4 3
33 4 3
33 5 3
33 5 3
34 5 3
34 4 3
35 4 3
34 4 3
34 4 3
36 5 3
35 5 3
35 6 3
34 5 3
33 6 3
33 6 3
33 7 3
32 7 3
32 7 3
33 7 3
31 8 3
31 8 3
30 8 3
29 9 3
30 9 3
29 9 3
30 9 3
30 9 3
31 9 3
32 8 3
33 8 3
34 7 3
34 8 3
34 7 3
35 6 3
35 7 3
36 7 3
36 7 3
36 8 3
35 8 3
36 8 3
36 9 3
35 9 3
34 8 3
35 9 3
34 9 3
33 9 3
33 9 3
32 9 3
32 10 3
33 10 3
31 10 3
30 10 3
30 11 3
30 11 3
30 11 3
30 12 3
31 12 3
31 11 3
31 11 3
32 11 3
32 11 3
32 12 3
32 12 3
31 12 3
31 12 3
32 13 3
33 13 3
33 12 3
33 12 3
34 11 3
34 10 3
34 11 3
34 10 3
35 9 3
36 10 3
35 10 3
35 11 3
35 11 3
34 11 3
34 12 3
34 12 3
34 13 3
33 13 3
33 14 3
33 14 6
33 15 6
32 15 6
32 16 6
32 16 6
32 17 6
32 17 6
31 17 6
31 17 6
31 17 6
31 17 6
30 18 6
30 18 6
30 18 6
30 19 6
30 19 6
29 19 6
29 20 6
30 20 6
30 20 6
31 19 6
31 19 6
31 18 6
32 18 6
31 19 6
32 18 6
32 17 6
33 17 6
33 17 6
34 17 6
34 18 6
33 18 6
33 18 6
33 18 6
32 19 6
32 19 6
32 20 6
31 20 6
31 20 6
32 21 6
31 21 6
30 21 6
29 21 6
29 21 6
30 22 6
31 22 6
31 22 6
30 22 6
30 23 6
29 23 6
29 22 6
29 23 6
30 24 6
30 24 6
31 23 6
31 23 6
32 22 6
32 22 6
33 22 6
33 21 6
33 21 6
33 20 6
33 20 6
33 20 6
34 19 6
34 18 6
35 18 6
35 19 6
34 19 6
35 20 6
35 19 6
36 20 6
35 20 6
34 20 6
34 21 6
35 21 6
35 21 6
35 21 6
34 22 6
34 21 6
36 21 6
35 22 6
35 22 6
35 23 6
36 23 6
35 24 6
34 23 6
34 22 6
33 23 6
33 23 6
32 23 6
33 23 6
34 23 6
34 24 6
35 24 6
35 25 6
34 24 6
33 24 6
32 24 6
32 24 6
31 24 6
31 25 6
31 25 6
30 24 6
29 24 6
29 25 6
29 26 6
30 25 6
30 26 6
31 26 6
31 26 6
30 26 6
30 27 6
31 27 6
31 27 6
32 28 6
33 27 6
32 27 6
32 26 6
32 25 6
32 25 6
33 26 6
33 26 6
33 27 6
34 27 6
34 27 6
34 26 6
35 26 6
35 26 6
34 25 6
21 20 1
20 20 1
19 21 1
19 21 1
18 22 1
18 22 1
19 23 1
19 22 1
19 21 1
20 21 1
21 21 1
21 21 1
21 22 1
21 22 1
21 22 1
20 22 1
19 23 1
19 23 1
18 24 1
20 23 1
20 24 1
19 24 1
20 25 1
22 25 1
21 24 1
21 23 1
21 23 1
22 23 1
22 24 1
23 24 1
24 24 1
23 25 1
23 23 1
22 23 1
22 22 1
22 22 1
23 21 1
22 21 1
22 21 1
23 22 1
24 21 1
24 22 1
24 22 1
24 23 1
23 23 1
5 2 5
6 1 5
6 2 5
5 2 5
5 2 5
4 2 5
4 3 5
5 3 5
5 3 5
6 3 5
6 3 5
7 2 5
7 2 5
6 3 5
6 3 5
6 3 5
5 4 5
4 4 5
5 4 5
5 4 5
5 4 5
6 4 5
6 5 5
7 4 5
6 4 5
7 4 5
7 4 5
7 4 5
7 3 5
7 3 5
8 2 5
8 3 5
8 3 5
8 4 5
